30704683
31035839
17618538
29845817
30842036
31635298
23406026
28715338
30850259
28870357
30558717
29316056
31377743
30929666
31634136
27224659
31321763
29285576
27222798
30241957
30270483
30915982
30291633
31946173
21812772
1371004
30970205
21658266
30684944
32333552
31889312
31310417
21992157
31648825
25616485
30355456
23601088
31393326
30259254
29675810
31198470
26904417
27009564
29588969
30525122
26615113
24621228
30419304
27152027
30064326
29372873
28134608
31062294
28251589
25239318
29588984
23583414
29957285
31347955
32126288
30560221
26394030
25921343
30243756
9894972
2080382
28287977
28387016
27606451
28476683
29308739
27910709
28638932
27899261
19249609
27389599
27186523
27776384
30112891
32689697
25581846
30790780
24709892
24527699
24850309
31947030
24353109
31053055
26491376
26177612
25837366
30500485
28160397
30802868
25000835
30941558
27583411
24112896
30526131
30139273
28822321
31947314
23926577
29184478
22367987
28477779
26580843
21422790
32689698
29692707
30013930
22801664
31166317
22062943
23739108
24974772
24293088
26834541
30440651
31419794
21422788
30303994
21447901
22814542
31508904
29336029
23916527
30249417
23687279
29907607
29890343
31805511
31476515
22482238
31965667
31611764
29155063
24409042
30889467
30444834
15698879
31302380
29998777
29796612
30870974
30833216
32490037
27430172
28028671
28986900
29220326
29588964
24802237
30620935
30440845
25141960
31093277
29450404
24065929
23631540
27593414
29202131
23274677
31247982
25484587
27689226
25468571
27142183
30985902
31107559
29913360
21664192
31442766
32353166
22947069
29554324
31000969
28490738
24176957
29692968
30472141
29135692
28962498
29921140
25070725
30040661
31540579
29592978
29023305
25395117
28230316
27997509
31151104
24681381
31268267
26962699
17034500
29029236
25112892
31428199
24125858
31542368
21689329
28755767
31433895
18271422
33152506
28980700
28928670
33101199
30364621
29082824
27730706
27165493
19434793
21815889
28910805
29199073
18458552
10339796
20448818
29061008
29105279
28211952
29061452
28092575
28730536
25126767
20309382
26892060
20070547
28495218
23118604
28320674
28352637
28731418
19556271
28320451
9677013
28042905
28391021
11252147
25965440
26385758
27046880
25807463
23573076
21087890
32530495
27598679
27919593
1477773
26857099
20806142
18545899
33086504
31939686
28822301
21056393
27158578
27170910
32936673
21284794
33201828
22590481
28451766
21854499
29030173
32976106
32839976
29248528
28185967
28079471
26227377
29244235
26651112
27010361
26926536
25678310
29214634
23771346
27867121
25895054
32286996
28960154
32717033
33246250
2975812
24608127
26360123
17219820
28593639
27553876
33208586
32423306
27043961
26438271
26118948
25819949
28009238
25186270
16538091
25197118
22316522
23579581
23972515
26737344
10599434
32922256
26571534
32909712
27668181
32746006
27062384
32074618
23382519
27858088
24761373
32919199
26879831
27178850
22469797
23009132
32011258
32295158
22014169
32321288
33192973
26002638
25673257
27426938
32185033
25455763
22395639
32072621
32358638
25214379
32764864
25648069
22692935
26229475
25940211
24451048
23591068
8032359
21939847
19565795
33074294
6456555
23953316
24898433
17946644
24445430
23106950
21097347
10769827
23538208
23883651
23314784
33260203
22244733
23536810
24028274
22928651
19963851
22150809
20420555
22255885
24777254
25245927
22961496
27255448
22699777
22270733
20816443
22059126
26315009
23668228
24144667
22093106
25046420
22453325
21422785
24655096
24571166
21942926
22110356
21547470
17396611
22826809
1084918
22150893
9152268
20842599
20071137
23076667
9106814
2426676
21477305
21791947
21883310
8444127
6160033
1693192
21129125
19744216
23853175
20850820
21303391
17635442
20113222
20538073
3491456
25696635
20601891
16986033
20173472
21992767
316266
19784514
1088450
32586395
22509654
11891968
19804547
13251189
27478572
15087724
18499185
20728313
18427231
8745653
1613847
17946645
12087947
19545350
26000208
17442001
11133626
16868604
11819103
19787012
7762102
17597524
317715
20036093
17323767
22151636
16403070
12378445
11561262
12507546
15792555
12030054
15891644
18759331
14570678
16878281
15848259
19732075
3259293
15753498
315523
17277672
20417365
20588079
16284543
2078664
18759613
11481711
18424993
12994510
2075939
11692931
17335859
15571514
2399625
8722734
30360
20670654
7587546
1081182
2934782
2223960
17894275
6972558
18770469
21265253
6972606
17180856
15200135
17631890
7799746
2789006
21293164
12671264
22387516
11012071
10951792
8487927
5234785
29493559
30559253
23896505
32917374
30784113
27678260
24642220
31196935
6974342
30898274
3263983
32426748
24860490
32171818
27093909
25688595
23379101
27435521
29897267
8076047
9859488
611621
25112891
17093249
28042918
24600390
8880831
15810723
23601345
6975923
24428696
10879397
21939846
6970920
23597755
23131433
11974975
11332072
29999866
22043118
12663934
26959293
23622228
28431436
308098
22622904
31042596
29704437
305828
33028603
28527053
27047327
22801665
32553366
20299995
27717602
27516384
392298
29060073
16447765
12045741
25112889
24163834
16835738
15832788
32984441
20816264
24050735
16754194
9058876
27125635
25570654
21954647
33142281
23735806
17259751
26036082
27122476
21056816
6969937
6965811
28438544
8377887
27169299
30105146
32740896
11296881
18474196
33254283
32881224
31699912
22469788
2029451
9750625
28042909
24524843
32608923
19473948
2594393
32023343
3502208
28030362
12959724
314604
16644770
30996384
28823638
617739
25096340
30108472
29988759
19233438
17720124
32330606
31078636
28160750
19585696
25484344
25245920
21335855
31089108
27876408
23224254
21533707
29393811
26374095
32524041
3501056
2192420
14648040
24990725
23270007
2880056
30352222
29566356
26988115
9930959
22254968
26017525
12044255
25521167
25623615
20692370
27185253
1788655
4469297
20428293
33268657
30531733
30531428
30149389
22599356
17574375
29963302
31410383
25170668
23241856
20069437
26587660
31085122
31676239
28271335
19731397
12583536
2205039
25127231
21487744
20461819
21608396
20635472
18522593
11572172
28396294
33301231
31796386
31019457
22543428
32732620
14333913
32002936
22221529
2010715
33145871
30914260
28467281
25486647
22955012
31401488
30794909
27125284
30878342
3492685
17982710
25868392
25736180
28491671
28639263
19458399
28746065
15502691
29077142
24163755
20674769
24109445
16943402
1613404
2526600
26018756
31488739
17033155
12802387
11135384
11084479
7966677
2874982
26068818
32102759
22746022
31482828
18835125
10918971
307702
32741277
31968343
30868130
23927357
23850466
33254196
28011252
23701457
303971
23189643
19372356
29350303
26896948
26541382
26541381
24309438
15611943
7675275
18542773
24314909
25112890
31831506
30294765
24790646
32126490
30861617
30824370
11036174
32334877
33008508
15698870
31551448
18712572
18720727
2374327
26839667
6966484
301583
22249892
6334492
25101612
2183856
33268512
30295628
28702821
21124046
24879284
11599076
28116456
27921114
18348440
32710183
24395146
26316351
29786802
28964613
26224128
31815564
17873423
6966047
145920
31118880
30658884
25223508
23445226
2785664
31488939
17691318
8818432
22023090
22699989
32069166
26609390
26541374
22372579
2388351
18420875
23123071
31170080
32251840
28334499
21267040
32890796
32354264
31806418
18415179
2701306
30892195
29076214
26897756
23072083
20688546
30489670
14506445
32354268
32881193
32524057
18675738
16289728
25429237
28834959
22201989
1614018
26646787
25467129
19268032
33066944
26525522
26524786
26209573
25101613
27021215
27241197
27090861
7571657
1986470
33050032
6108533
32181069
29692181
29531230
23415793
28302532
29719278
16516544
24688344
23390183
18750062
31362277
28359653
30311715
20364686
19448236
18672306
305668
28983236
21427822
10072619
32911300
28424953
27079257
25171670
27389114
27073341
31411072
28443696
31792508
28800956
27442267
17186214
28675632
30447440
30451545
28982040
26615114
22026713
25346636
10232520
28339448
16530923
28255029
18485659
21507425
31920509
25661299
28185669
23367052
20631824
19956554
25641055
20576389
32475494
26288295
23547299
22075430
1613402
2075922
308630
28633774
25167348
9833306
27486154
30371379
30326206
24112884
23671250
15110303
32620340
22254502
22130194
26426769
19908309
33076752
32528366
27100194
26491023
25752652
22035386
18976388
31231537
1618204
28474107
32271689
28145143
19126817
32354271
32189317
14644376
9574413
29795094
27455042
27284739
27181271
27146700
27130542
24867842
18028042
17718686
33286310
24126022
32832580
30878500
28344948
26814260
26752491
25909087
21624706
21469244
10090126
32814040
25098777
31825387
24628896
18052770
14567141
7825349
311953
30267724
30599493
32889816
26108806
22043113
30620133
30428122
27943294
27074966
27511815
31235368
27213044
26736700
23206676
23205853
9705550
32200004
33277200
30703029
26403681
16937027
31866340
29984172
28185179
21060722
29524
25076887
10769815
17457118
1047626
18335692
16762572
1086474
28714533
26334836
28795632
26680563
31034008
6992381
29630979
7857750
1341282
24133683
32585154
18035315
12949743
33021724
28503833
23695057
23504520
23131742
16676910
2470059
33061899
33026439
32437633
32142022
31928055
27286484
26236219
27029510
21699787
16388345
19475249
29852181
17407529
29338934
31849045
32141164
30682776
26029083
25776116
23486970
33040995
26455006
20577584
30196050
98728
31693791
31497318
30017839
28615976
28527055
26541377
10792175
25908160
25571506
3878060
32500523
33208282
32867366
29152818
25988840
33113388
31793548
29230905
28676315
26637237
26615983
24791078
33065104
33195958
30405326
28289393
27287883
26017526
23695056
17622086
16327683
9412371
2436180
6977316
22248762
23697522
18028038
7464292
25096338
22109585
25078718
26816686
316506
315839
29573416
30215021
29623108
33157740
25196368
23697520
19780801
19681430
15792554
6970989
32750163
29904827
28416330
20103504
22151290
32534250
6977311
25223509
22588135
15689584
27065792
26312646
25764162
10604352
2304608
18248660
26478900
17219819
25110981
24975794
32722055
23328107
32716692
32795162
29286422
22938390
22870363
17660851
28425137
16543103
11824253
29701900
23551362
22877724
21676116
30117630
31493615
23130900
29669125
29244138
26023921
16170135
10577033
8469188
3873368
28251243
27039163
17284300
26541385
23427125
8279309
6961962
28132370
32627930
27217719
26623442
30825890
27486107
30363468
25604611
25200252
20418309
26934525
2436175
28188428
20347983
27411799
26444852
6447783
26615464
26027515
18480597
27096115
15029548
30629728
28964687
23370799
31291017
27092103
27065794
19230376
22151552
25380739
23588359
23455867
32427546
30985873
21585593
21874271
24979056
31692449
26926734
17691388
18415178
25649338
31828780
31946369
30503540
27698736
26792632
24419442
23407652
22380855
20464593
17359225
17622231
30135047
21947539
21674444
17380762
16647593
19901793
7802148
31341631
29603117
24125675
19656575
19055333
28497257
14516109
31743107
28066024
9173824
1792950
32610297
32471799
29114414
27896652
29618971
25867123
25250943
23837549
23370067
11135383
26062222
29717514
28645599
26857220
32195040
26157666
19262591
18777482
17998187
15144260
32565222
29471017
33302882
28282317
31756422
30995328
18455440
8384275
28842194
21247596
20187699
26749014
28488252
27810514
25723302
25395112
23739365
21453336
21116155
31337556
31220139
30098661
27618123
21854497
18405539
18799397
15635526
2957683
30851091
27182689
32860345
30587084
27148016
23366965
19630498
21192375
32047368
27526054
24615705
9106986
8426415
25112888
23697521
1461394
3497457
27445684
8315506
18727646
7612380
29190020
25369715
23292153
28839637
9711758
27491519
22877723
31247926
24033656
16626064
15453565
31946708
28541915
23808603
15307555
9084745
7633784
33275126
30138825
14679916
23523975
11245151
7719297
3259298
32804221
32726773
25240663
23493632
23219040
9126083
8230542
33132868
33038596
26467451
32717707
25836626
21422777
23940890
21422778
9538547
7486304
32504242
30517149
28301217
26210303
25325171
23587119
30911705
26704209
25852495
24440057
23093526
22078520
21107766
28300227
23506955
21441792
16676907
33294928
33244443
33095534
33071769
32034418
30441831
28978234
26017774
6308870
33016570
32849235
33045706
32812481
32346553
28372121
27987405
26017527
23752800
32942941
30999576
33124586
29204571
25896085
22959705
22200132
2056590
32677482
32217261
31821867
31759324
30806817
15087725
311994
31044466
26072733
28799661
27523507
17961968
10648501
8185069
29909938
29553935
20199378
2552559
25868155
30133071
31584846
29169776
21511116
16445145
2092556
22939078
32339339
30098653
22118900
20680036
20412727
21387817
20878031
15311723
30503920
27115765
19909710
31741563
25571591
20386879
29336058
27676323
28716433
25868422
25392675
25276333
19561039
1613403
32634246
24752127
32634593
33208043
31303854
27650936
25848844
23862643
29913463
28715337
31622740
31150304
30966782
28762544
30078053
19576854
27843360
26003255
32048176
24195454
19297834
18846879
353577
32957038
32781401
32277865
26903796
27372299
26892172
19282722
309313
22151487
2470053
28850499
28314519
28159327
26941379
26938677
32447409
31710405
17456686
16125463
14587384
27598663
26478899
22312676
19282720
18845481
11469606
3265808
1166406
32803641
32383279
32363183
32044440
31665058
31538187
28912671
25714553
25571312
24876130
22644167
21332929
20805727
18262282
17424972
15986735
11696801
7574049
33018727
31737865
30244224
29734883
28527051
28302459
27865707
27242469
27103968
21539485
9174320
8394051
23136991
21523341
31574335
23294166
25296707
6610390
32236939
29713421
23011386
17946643
29993559
27582308
26394134
26393349
23462843
21422786
32808874
32677611
32449680
32282103
31427937
31310963
30441139
30418877
30098654
29235453
28583460
26817797
25721941
25610769
25601623
25376785
25145652
24363843
24144382
23367402
22701691
31637517
33173465
32319836
31475769
31133021
30599435
30306302
29462446
28261561
28005007
28003159
27984098
27454989
24956545
23433237
22188868
21179610
19467405
24450545
22920328
633167
31468031
30210662
27154823
29291416
32746060
22692995
19964342
731366
31197426
28212099
26736437
26394209
26393499
33192400
32376193
29670050
28425617
26629537
25842260
20705778
33005547
12002182
30267850
21864362
32852189
19892593
16284576
2470056
32276788
23707586
28800085
23366015
21422787
20972543
12324393
33301569
17455543
10629701
7577032
9462392
25744250
15938229
18231877
2436179
26011821
30588762
30935352
14755664
1838854
25861896
20972542
9931666
32032787
31685237
25240670
21710239
28251623
25658218
33184972
32648170
32633163
32310326
32289679
32082948
31760411
29575639
27923662
27672534
27495805
27152017
26411963
26174165
25260705
22246462
18466264
16358187
15310981
9719722
33261623
27686508
24330698
15919600
29975820
29637656
27262683
23145068
33159098
33066085
32613224
31629997
30064314
29867556
29804919
28523978
28441315
28271333
28082886
27785033
27258911
23844589
23687607
23682904
25667828
22574642
22200137
21419796
21233765
19911891
17691351
33016565
32607389
31244761
1294910
26895733
10792070
31578882
30297981
28638351
27785318
24387983
23835166
31840350
29230164
32792840
33237358
31657942
31396029
30889248
29404646
29376980
29216806
28852114
27303292
27026674
23850134
23167832
19920414
19618446
18254897
33123862
31189985
24110151
23366775
21333041
12465267
28799663
25744249
24458797
16952826
32280545
24712020
31946710
22664039
20955907
8351769
30771997
28268764
16735193
31699407
26927747
25113605
23205881
15062515
26835078
18083500
446468
26318833
24003450
10769824
3873129
14616518
19341036
19212266
2779797
3185249
1069182
31197582
31163364
31009813
30415811
29483395
22542876
32103593
30544364
31642755
31185114
11036173
1862988
6165661
28816660
20309385
3617241
25482033
25308522
24681924
19963533
9123698
8851832
31801677
31418599
28461127
29877816
29656954
27072790
25438324
27638712
2922251
32973560
31152179
30067887
29979250
28789578
28393429
27250232
26896762
26479774
26466201
25997912
25826717
25471324
24674305
24138770
23926033
23266133
19398398
8313557
28398014
32780897
32759064
32557527
31118916
29764702
28428769
27403346
25247911
22037985
16118096
30881093
27678506
27396544
25071555
28189576
25348126
28034599
27366387
21451402
19163433
9720556
31685241
30207417
28410885
25160853
21144166
29372875
23700696
21422779
12162078
28566462
8476250
1705337
2678572
3686765
33126525
28929571
28796131
28782237
28699685
28319561
27780085
26686746
26541379
26355815
24090372
20210697
17006834
33137473
32950784
31986551
28840157
33189857
32410932
31917309
31342612
31164813
30880101
30663639
30515110
29577229
29525457
28653422
28593500
28079431
27207765
26993785
24122698
22849672
17881268
31876047
12589923
10588144
12016605
7710224
2749087
28718878
31315427
3976090
21917777
28387951
30399090
27444637
26331167
25982654
23474057
16304480
32158975
10872248
10853121
26280085
23316416
32658325
31379192
17271228
15372400
14649114
6975444
7293708
28396483
20119472
22151525
32059193
30473987
21441639
15798489
12557982
21447077
21373246
15698873
25989215
21112732
18971838
2883606
26405885
26022388
20972544
25240665
18355538
18164485
22150896
33129672
31946709
30320739
26394301
31703815
30291521
25570000
20972546
32746201
32475482
32022773
30109467
24654905
22184192
17258884
16722297
11213551
7939283
8287307
8109276
10148124
2505425
308516
28086940
32872344
32738502
32459551
32234509
32162402
31606935
30758167
29687898
28826470
27393015
26846605
24725157
24010924
16724307
15008506
25245918
31717706
30564779
30561852
30140230
28663737
28551531
28549277
27432623
26197977
25200180
23421796
21927044
32184741
28848492
25210215
33148963
30833463
29024484
27544471
11254790
20021239
32420298
29414403
32209790
32343198
31301634
28353151
27576186
26264908
26030698
25744163
25460496
24258467
22873210
21937929
20473532
18591703
15124719
9446698
33059051
26038278
22879677
31685239
31388779
27034090
30407905
31323173
28899205
28066231
27669678
27289457
27030127
25849358
24945621
24917133
24651243
20438584
24118563
20021597
28132252
23932954
23847430
22809579
19051446
22151635
11740173
22151611
2181885
3614572
2436189
25287878
24742086
21992162
16675282
15814077
21422782
30440281
27685345
17691368
17271223
10863730
68483
33273260
26019409
22248609
21096375
20082827
16255437
8501818
24937707
27931947
25134089
23003326
21422780
21336008
19163028
31386314
29230247
19880077
28645869
31505718
29154850
31336436
31054557
30208218
28269273
26968442
32462381
31484132
30635485
27864800
27614439
26393784
21395521
21422789
30860645
16796826
15902954
32543288
32412698
28268755
23366056
23253387
17282487
10467910
22151211
7632497
8186485
2663351
6600799
24510
32592011
32558094
31152178
31026106
30644573
30117789
29463098
28980364
28853117
28216033
27066987
26559753
26481726
25933507
24961194
23943521
21587333
17970787
15943878
32660873
28188025
25441598
31771803
32886804
29997478
20644436
33135967
31364369
28767529
27704502
27270554
25055493
22466231
22255427
18173939
15815965
11948775
11279361
9800271
1751694
2024376
6364271
101139
32835443
31417342
29608227
29588995
27517963
27198577
26311502
25675068
20027710
17439979
7542949
1319187
31199551
31108410
28708008
32514413
31840322
31158542
30365222
30080158
28031148
27874834
26796997
26743382
24802624
24331288
23962405
32736358
32627071
31039291
27995704
29892478
28132359
27738525
27364802
26836064
25962622
24452308
21992165
18936858
9594184
8004490
8252060
32142023
30133606
29771452
27622096
25359965
23060781
22833067
20848327
18669205
18669197
17898926
15449781
10745568
8799349
28018754
24808722
30901345
31954733
27231724
19364012
18031472
24193201
32449296
29655586
29178511
32689696
32297491
30851040
26393957
26393502
23654020
17969160
17355054
10919202
28832311
32592572
31688267
28518084
18334858
406758
27423727
26516808
26005075
22248468
31318829
29554316
26562666
23812967
21422791
17867360
9149826
22270751
33018784
32769905
30530302
26390902
21692113
17379565
19468569
16608619
19468563
12065286
30948823
29939998
28650898
26428649
25612939
17350527
15072398
22151212
18336992
28543085
23853144
30085382
29426671
28674174
27906080
23004225
21963761
19916253
19843807
29784559
26022237
32875323
31008846
30703174
29601305
28269604
22644166
24649444
22011017
21151809
20724218
19163650
23631048
4088411
32462791
31658367
31408219
31375306
30537223
30082734
29349561
26523416
25957536
25088462
31124218
31424892
31731921
29254614
28217766
18194350
12094745
22150978
8235149
1502953
1862851
33298225
33018508
32443142
32347591
31882672
31799616
29762886
28726157
28530239
25935722
32087238
33180057
31917081
28772039
28269663
25207194
24023548
22406984
23650471
20460927
19368083
22151289
18234048
15907257
22151776
10719931
1835544
3193544
30865010
24308276
33227827
32585049
30588711
29712523
26943257
26298643
25578952
17873369
33218546
29053073
29046985
25054403
21304304
19160367
12626921
32008395
29963913
25548594
20027540
17695623
7890007
29692963
31322465
31018908
30690434
29629880
28762701
26394372
24662340
23366013
23366012
20972548
20924557
20498557
29570127
27960124
25358956
25113019
21336007
30797197
29994714
29148134
29046002
28727562
27006422
25742874
23716031
21791355
20972545
31553039
26291400
31899396
28012868
27411224
27105137
26516817
26407110
25580443
25429912
25239317
24222947
22987542
21938668
20588080
10448655
8811655
30268803
29295486
31554241
31798688
30701655
26990444
26582852
19142235
31348055
32427629
31412135
30440611
29077132
28269700
26788743
26614722
24974071
23399742
22403947
21422773
21256715
21144673
18269067
17023139
12084314
11280957
9413861
3573170
29162502
27729898
21938799
33176368
32678557
27126092
26473407
24475897
23928336
23394362
22854873
21769814
21256455
22034140
7966780
8429784
32706445
31996994
31932207
30872985
27910257
27852961
27053641
27021017
26435087
25618535
31052866
30256738
28269487
24391559
23542755
21425110
16856455
14977053
12442339
10769817
8387845
33018730
26130986
32648703
29255043
29076212
29067352
27887683
30901395
32650660
31427938
30474389
29904846
29387467
25571428
23782097
21992885
20708936
20430319
19361573
8651504
1569699
23147598
32606311
28634888
27522186
27284095
25846836
25575765
25569999
25498527
24515329
23853295
21866482
20070322
31648824
25358805
22151729
20555037
31440731
30795708
23160869
9122870
8071899
8250358
32986607
30238573
28716325
27323354
26087483
26083009
25730427
25375268
25082383
24875080
23316951
23288718
21780166
20848271
12404846
26550145
19563009
32037855
30892717
30860268
29966788
29543311
27548308
26977859
26738108
26738106
25343761
25201396
22886037
22200138
21883174
28657994
25663151
25720768
21127379
11173947
8748597
32076132
30689476
26385550
22783299
21969125
15825153
12891544
32197251
28739164
31060011
33223090
32811589
30813132
30245616
29447137
27236056
26831642
26083140
24112926
23835449
23247597
22701406
22675825
21712779
21422783
20974592
22937227
19680467
18096677
17691392
17691324
12644751
11575415
2610312
32998082
32711035
32663992
31820050
30098499
26530287
26307526
32622171
32804223
32650319
28092531
26198999
24348076
22954791
16647591
25282946
25456442
32306151
30053674
28273933
26708518
24554730
21844549
32484961
30447092
29526516
28443008
28141599
27936117
26611392
25746432
20720281
17526255
22151265
11974994
11924843
10863731
634896
29054514
22305996
17655558
31272926
30502122
27485087
33048668
33018756
30441173
30030085
29361732
26578935
25805976
23591673
22367314
21716154
21422781
19042142
18675747
22151381
15564050
12506287
11587110
2375483
3719252
32185791
24338734
22787652
31480034
31059853
30350488
29067158
28658001
26796478
26157800
25185877
23619246
24558032
21811087
21146054
20524444
20011856
17362835
11114569
11025686
10100441
9750601
31295615
28345483
26745478
23552562
23349222
22555065
22427261
22263403
22258138
21694745
21293167
19234360
10029613
31668646
30268847
30267020
30043099
28672181
28548593
11474540
30243973
33180732
32888303
32234982
28704714
28187795
25809585
23839594
22014178
21584657
17691396
33018785
31699408
31580020
31150335
29705626
29188123
28990645
27459108
27199707
26880248
22644181
22256184
19921417
19841754
8767549
8746504
2376222
2463599
32055609
29471216
28347551
18928891
32811878
32563898
30685322
28460314
26508800
25224961
33204186
32588933
31775030
29682029
28385704
27122025
26235158
6422055
31096058
32153375
29905629
29246784
25788775
18354711
12746697
23457542
18727721
31685238
31501641
30921014
30095685
30063551
28419784
23149624
22559998
22467118
19758827
19332315
17125072
16930835
22151195
12799940
9262040
8312941
1853514
2566691
1219488
33023078
17515176
31061209
30910488
30909927
29448149
29102253
29050866
28797624
28673596
27847987
27756567
27658421
27475100
25456566
32532336
32056753
32334869
31764456
31590747
30276522
28361817
29604948
25238732
24849116
24595705
24239121
23385317
23111288
22684095
21284609
20006645
18618584
17691313
17158031
16914462
12620948
22151654
11204037
31286465
24523000
32348644
29616344
25596835
22657263
22018720
12900733
31487526
31804975
31536974
31190100
30903858
28798359
28012885
28729924
25813371
24839636
24139356
23138579
22878482
20972549
30192431
27234870
12940897
30035024
28483180
21206307
32099765
29468816
28083888
25768027
23389401
18448133
17570438
1431607
31572023
30665752
30510883
30042697
28032321
27168769
15990469
23648977
8783323
7712320
33008509
22133264
33219691
32815380
32010021
30074551
29658505
28525197
29443283
26909386
26555040
26488354
25499161
24440779
23671468
24712202
20394187
12861518
12495878
1404638
1475860
2353378
2197233
32690786
33101926
30687802
28717363
28165334
27224508
26819777
25741289
24262909
19077394
17845654
16534293
10473998
32849253
31551672
31947277
31244747
31085963
29970402
28544432
29901357
30713932
26567981
25054404
24859567
24627124
24560021
23671249
22326949
21689330
21549607
18325297
16697525
12832137
22150965
32011443
30984793
22843027
22166423
32180722
31923435
31597122
31574517
31321466
31096260
30553618
30403281
27845676
25484345
23718827
23147048
22726478
22339789
21252589
29630890
26633852
25145467
6300647
31288242
26555481
24930568
24456603
23853294
21293168
15297008
22893671
22418582
18538277
18472068
25903221
24740514
22851542
21168865
20704670
28286473
27461394
30360936
30198325
27514573
27520392
27548680
27121484
25859750
25409109
23358845
22131009
20702123
19859688
31368415
24594318
21247597
31756502
30444276
27518153
27288779
26510476
25403458
24595941
22943485
22173566
22124679
21494120
21488095
21160241
15309907
30878509
32439562
31893159
31624527
30515447
30074549
29536121
27977327
27013949
26966048
26785160
22150840
17508155
16647592
12931056
10563116
9601108
7920526
8279089
2913367
16773383
33136216
32760243
29540143
28214797
27658372
26411967
24885299
24401080
21576030
18710060
17242108
24116724
31291013
30412072
30320933
27885946
26420269
32081048
32025903
30294263
30239465
27035462
26528179
24033966
24027517
23866931
23756742
23695051
23225625
22289228
22172283
21286281
20495496
19064184
18208448
16939382
14624346
11897431
23044016
31731911
29463641
27881958
27157074
26720704
18403440
33087129
32895476
31303757
29752243
29582182
29387712
29060742
25455666
25156348
24122564
21931348
21697362
17360926
10022732
1720966
31567546
25054393
21056357
32353806
30876677
26269928
19403357
33107663
21543839
26738107
24690212
21047882
33016106
32301028
32260234
31031695
28419590
28316583
28211585
28018753
26077087
25815657
25750533
25381759
25247915
25188649
24758958
23467371
23438800
22687520
22384826
21806790
20414706
20022319
19935985
22151368
19382407
18958151
18346609
17982431
17850196
19468624
12033995
11918648
11323111
8342255
3875050
23111293
19027896
19002150
33196867
33176105
32730421
32453767
31751277
31581142
31353795
30712896
30127290
29118434
29060671
28830433
28681660
28158173
27612691
27423573
27355236
27062669
24802525
24443417
23290173
21897215
20642662
20070554
19909705
20633395
18786609
18779511
19462146
17644413
17420771
16385335
12746806
12656708
12355221
12214505
1852244
32273655
31777942
31720885
31191106
31135256
29796939
29444975
29059697
30363085
28096104
27926631
26984452
26940222
26781880
26504388
26393911
26347599
26211981
25906677
25667030
25660121
25120513
25040255
24268100
24236114
23682344
23480388
23439994
23265662
22734793
22615759
22487199
21317773
21210273
21119585
21051181
19333047
18713932
16514263
12151848
10925930
1952146
2524392
2888903
33035576
21820308
22151420
17341047
10923696
33163932
32995742
32958802
32885118
32843733
32578535
32280070
31590733
31231154
30465636
29996708
29402815
28723864
28486925
28208601
25692411
25302689
22849609
22311467
19913428
19802885
18281160
17850197
16327350
15201814
14572555
9833307
1582448
32773725
30184551
25156350
22361041
22360378
22915957
17561948
12746715
33223232
24965754
21859595
21820108
17017272
31139864
30997509
27786243
26802307
26501173
25389029
23135587
23070697
22738022
32377948
31054081
27491661
13677243
27328645
30947360
28323640
28025067
27120329
26484694
25833161
25062330
24176593
23695383
22777375
31537819
31054337
30549045
28914707
28441238
12128300
32329803
31677739
31399570
31358822
30629245
30220068
28834693
28034811
26964688
26404104
26275582
25087862
24706574
23738529
21855362
20648204
25577024
30924499
21885716
20859609
24109560
31033149
30367952
33296696
28782181
25479124
32112934
31226620
26043869
24038405
23703413
22810473
21674596
31407456
29307607
27859579
15269668
15094271
32987106
32813648
32599126
31494111
31279843
30440833
29740299
28666193
28265323
28137412
27509086
29560882
26883064
26869915
29624032
25503508
25309356
28058300
24112889
23835988
23328331
23300211
22701562
22408273
22078519
21444193
20633413
23675114
18556220
18211992
18034793
12677971
11377264
32343626
21350028
20085542
32581675
32152039
32074387
29740975
29247796
29186582
28648572
28432602
27465843
27570958
26817965
26294941
26200716
25663570
25147020
24469945
23699515
21992203
18922669
18384633
17398309
16205108
15235538
10713523
8104723
1729934
33224021
31680814
31286009
30411201
30094179
29765790
29672439
28503139
28007291
27132523
26484697
26466181
26297863
26000687
24384503
24292857
24094911
23026190
21520343
20971664
19717893
19679396
19077412
18955082
12679620
9276109
33166277
32058183
31103707
30868468
29867306
27375173
31258941
29213283
22453321
20207638
33192994
32689842
32267832
32202671
32005347
31419211
30888032
30497180
29486224
28942483
28794531
28766994
28494616
28199993
28139571
27254399
26821051
26608605
25872215
24154634
23741417
23689503
23374383
23242199
23000534
22450951
21795024
20733935
19332313
17464540
31972204
22893447
21838728
16001339
30857472
30187368
29569573
29367659
27486110
24078115
23168535
21328472
29742031
23451900
30793441
21709597
32516574
31759615
31443868
31018187
30347509
27619970
24554786
22156864
23643598
33157936
30860266
30444012
29554309
27435250
25241070
22469794
20934242
25096339
32350868
31130498
27474456
16721520
27863315
30837453
33078518
32865344
29150860
30729038
30346640
30064324
29756600
27315022
25746009
10799197
31739571
31127633
30861286
27435009
30548104
27807850
26469737
27916831
27463362
32946181
23356203
32581744
30923287
29797723
31775407
33117138
32925633
32581688
31642445
31359942
31135599
31109842
31054491
30766627
30061670
29165837
27206422
27158546
27150431
26307329
26234387
24975343
21369741
21311193
19201066
18710441
16641939
15689358
14727281
14518542
8748831
1577164
33035722
30838920
30735016
22095108
33157010
33068056
32702266
31725054
31558560
31383842
31232614
30681259
29695997
28637175
28116457
27539594
26664122
26208761
25522236
25083759
24523679
24237394
22855805
22846200
18629503
18590381
17946452
17912751
17177078
17080278
16717218
16410002
16338151
32581698
32335917
27719863
27655384
27536079
26881111
26653300
25784997
25674060
23579749
23390177
22666437
22591577
22459100
17393043
16813704
16116009
15848238
24448181
33074638
32198848
32031174
31447624
31156529
30910314
30853908
30024878
28559805
28262404
28128461
27230827
26581395
25497083
23152767
20498775
17666721
17413916
16463076
15933491
11973201
1869942
33120323
31794971
25452715
32302732
31466022
31280257
30236810
29933038
24408209
23577773
22549513
22538447
21953679
21904142
30799493
30667299
27288773
27131966
26845109
26628078
25646745
25461978
21810157
25521751
24074498
11576047
29465787
25792072
32139653
31710411
31495733
26477378
25251248
23073680
12098079
32305140
29759475
29871379
20354809
31377911
30729252
24051939
25582876
32750518
31561646
31351403
31275095
31215720
30753617
30523899
30455666
29588852
29550374
29510963
28621025
28441605
28432032
26946958
26814286
26407481
26268453
25738809
24901432
23794605
22692940
22110920
14575663
12384077
11125353
7833972
33270962
31929116
31919656
31747787
19934995
31291123
30179595
29532309
25301713
31691154
30592526
28561345
26698227
26601775
26546880
24944263
30920919
26752480
24317220
32764170
32611200
32397250
32365340
31814304
31483070
31440389
31042603
30847888
30566953
29963006
29506060
28580703
27865751
27107560
26733321
26448794
26395919
26157986
25844704
25415786
24472621
22337531
19427312
18484136
12552402
1347222
2448721
32966016
32603090
31912469
31727396
31618272
31568905
30553021
30210436
29332075
29265009
29252842
28715712
28674829
27605389
27369325
27101216
26471136
26164474
25730614
24885412
24816083
23063970
18304747
9794345
32987377
32883126
32600779
32580026
32462817
31366279
31021771
30663712
29720816
27878650
27779368
27770478
27756670
27295463
27178247
26508336
25013813
24911219
23314027
22217479
22183244
21885909
20230450
18317481
16493347
15269959
33086145
32104122
31433608
25078102
33038597
32989306
30430373
28194999
24755486
28017556
25899709
30843257
32463125
28892221
22086092
31498396
29149156
32709183
31219619
30473473
31084350
26544816
21030409
28160010
30696807
29101842
28918702
28634063
28459961
28297590
28080973
29750219
27551273
26936365
25324739
25298322
22809886
22618381
17973330
17444810
8913674
19287077
33160424
31736718
31151118
30255537
29845771
29845369
29681807
29575331
29441289
28502585
28484885
28315922
27672727
27746069
26780241
25167953
23215625
23137703
23114579
21387804
19801049
19174373
10377314
33075762
32867364
32793008
32295701
31697640
31115272
30793079
30384025
29414561
28521762
27651067
26399458
26349810
26004862
19497373
22151044
17508161
17275094
12037708
31629693
25973101
32289698
31356848
31115118
30556812
30117122
28816177
28170383
28161008
27742234
27645504
27424823
27293137
26825443
26661902
26388833
26337644
25746582
25442843
21084732
19263587
17113789
11496076
9431484
33009717
32726685
24080539
23074486
31587955
30335761
28843679
27689422
25895520
28807845
30474259
26980916
26347077
26225636
24807603
23450547
31157949
31063589
26961105
26005129
25878159
22135343
31786379
30242519
30092774
31323175
32695657
32161571
32068789
30804771
30649586
28527059
28485899
28410876
26864759
26542731
25218256
24326980
26558099
24277721
24247983
23034698
22157744
18703600
30425640
31597476
31350213
30355701
29566313
29445770
29087311
27081415
26948894
17014604
12447125
32888203
32362412
31985947
32103826
31266030
30341965
29899725
29619318
28784338
26878070
26681523
23303429
20726873
15714244
15306114
32890361
32954306
31268615
30222959
29119963
29098688
27992533
27401807
26817327
26522911
25947402
25920013
24726928
24353337
24289825
23566101
20138037
33288763
30807972
30157824
23044532
33296127
24395393
33006195
32412094
31782916
31579045
31725241
31040880
30605893
30450622
29923455
29893064
29618992
27766724
26897071
25496958
25348632
31165428
31855828
28921724
28621630
24951091
18845482
15224135
33236777
33254172
33085171
32235065
30921373
30481618
28859565
25028935
20607090
20142336
18572221
32354662
32174470
30449151
30328646
30099190
27071073
25462798
17368042
17167918
32573868
29457707
32532923
31265205
30834611
29522782
29363625
28043438
27779312
26682789
31802253
29726344
28167431
31739771
26011593
28890315
25966436
32593154
32027775
31133889
30073661
29588926
23433492
30508408
27559966
27142765
31927550
31767248
30954527
30298594
30185005
30025975
29868446
29030111
28072807
27666708
24314926
15968081
11357019
32860430
30406186
29107623
28493519
27481634
23994125
21735395
9104521
31157762
29701820
29163341
26549631
25684151
32823264
32313193
33062115
32348346
32169111
31530227
31012530
30994703
30975519
29793973
29628066
29604611
28238460
28189496
24819106
24674600
9698964
8368477
32490353
31451134
30512219
30050569
29860086
27307233
27178869
26851211
25598479
24286615
9139984
32382720
31855826
33237361
32964635
32681881
31725237
29889086
29490324
28554079
24388670
10982309
32667186
30556616
29427848
29187553
28764934
27269205
26382227
24195916
19378580
9138053
33270755
33150359
32861787
31369810
30849436
29582703
24361601
23357541
26158895
30809700
30487205
24583930
32857475
31792965
31758405
31418989
30363386
29217404
28716966
28027874
27810257
23986434
23801735
21962730
33271481
32648622
28110171
32826310
32037734
31813194
31680242
30907429
29085773
28030470
28027792
26758826
23928718
32217227
32013282
33243617
31575487
31370902
31326358
30380175
29533819
28669908
28669319
28409730
27902645
26880161
25091971
8383456
25194451
21555706
31520484
26577774
24486637
31353858
30025245
31513675
32964441
27589694
31668838
31175814
30764649
26299888
30059026
28231716
28231477
9817378
32372727
31095733
32803221
32289678
31849514
31529693
28850342
31701891
32034422
25246410
33028550
28753497
30450044
29955803
22037126
33223495
29052706
28826627
25803512
25406224
30508028
31314668
27506638
23720574
29788902
27918562
27615793
30016411
31133406
27208157
32289700
30316742
29901232
29221791
33038595
31919131
23152232
32651331
17099778
30735860
28275543
26434565
22645307
32982201
29792848
32690972
30628745
15668387
31572109
27609046
29398575
25653290
25034472
11792968
31730494
29371415
26847850
32292333
31348605
31155435
28749013
31644424
19237665
32043043
32433254
12390533